Seq. #,Time,Description,Operator,Entry Location/ Bus Route,Exit Location,Product,Rem. Rides,Change (+/-),Balance
2,02/01/16 07:32:33 AM,Entry,Metrorail,Tenleytown-AU,,StoredValue FF,,$0.00,$12.95
3,02/01/16 07:55:14 AM,Exit,Metrorail,Tenleytown-AU,L'Enfant Plza N,StoredValue FF,,($3.05),$9.90
4,02/02/16 07:17:08 PM,Entry,Metrorail,Va Sq-GMU,,StoredValue FF,,$0.00,$9.90
5,02/02/16 07:50:57 PM,Exit,Metrorail,Va Sq-GMU,Tenleytown-AU,StoredValue FF,,($2.75),$7.15
5,02/03/16 06:47:19 PM,Sale,Metrorail,Va Sq-GMU,,StoredValue FF,,$0.00,$7.15
6,02/04/16 08:36:01 AM,Entry,Metrorail,Tenleytown-AU,,StoredValue FF,,$0.00,$7.15
7,02/04/16 09:07:55 AM,Exit,Metrorail,Tenleytown-AU,L'Enfant Plza N,StoredValue FF,,($3.05),$4.10
8,02/04/16 07:10:31 PM,Entry,Metrorail,L'Enfant Plza N,,StoredValue FF,,$0.00,$4.10
9,02/04/16 07:27:05 PM,Exit,Metrorail,L'Enfant Plza N,Tenleytown-AU,StoredValue FF,,($2.35),$1.75
10,02/04/16 07:27:49 PM,Sale,Metrorail,Tenleytown-AU,,StoredValue FF,,$25.00,$26.75
11,02/05/16 07:54:43 AM,Entry,Metrorail,Tenleytown-AU,,StoredValue FF,,$0.00,$26.75
12,02/05/16 08:16:29 AM,Exit,Metrorail,Tenleytown-AU,L'Enfant Plza N,StoredValue FF,,($3.05),$23.70
13,02/05/16 05:10:19 PM,Entry,Metrorail,L'Enfant Plza N,,StoredValue FF,,$0.00,$23.70
14,02/05/16 05:33:33 PM,Exit,Metrorail,L'Enfant Plza N,Tenleytown-AU,StoredValue FF,,($3.05),$20.65
0,02/08/16 08:57:40 AM,Exit,Metrorail,,L'Enfant Plza N,StoredValue FF,,($3.05),$17.60
14,02/08/16 08:28:58 AM,Sale,Metrorail,Tenleytown-AU,,StoredValue FF,,$0.00,$20.65
15,02/08/16 08:29:25 AM,Entry,Metrorail,Tenleytown-AU,,StoredValue FF,,$0.00,$20.65
1,02/08/16 05:05:55 PM,Entry,Metrorail,L'Enfant Plza N,,StoredValue FF,,$0.00,$17.60
2,02/08/16 05:31:16 PM,Exit,Metrorail,L'Enfant Plza N,Tenleytown-AU,StoredValue FF,,($3.05),$14.55
3,02/09/16 07:23:46 AM,Entry,Metrorail,Tenleytown-AU,,StoredValue FF,,$0.00,$14.55
4,02/09/16 07:44:18 AM,Exit,Metrorail,Tenleytown-AU,L'Enfant Plza N,StoredValue FF,,($3.05),$11.50
5,02/09/16 03:51:12 PM,Entry,Metrorail,L'Enfant Plza N,,StoredValue FF,,$0.00,$11.50
6,02/09/16 04:25:47 PM,Exit,Metrorail,L'Enfant Plza N,Va Sq-GMU,StoredValue FF,,($2.85),$8.65
7,02/10/16 08:29:53 AM,Entry,Metrorail,Tenleytown-AU,,StoredValue FF,,$0.00,$8.65
8,02/10/16 08:53:14 AM,Exit,Metrorail,Tenleytown-AU,L'Enfant Plza N,StoredValue FF,,($3.05),$5.60
9,02/10/16 05:56:04 PM,Entry,Metrorail,L'Enfant Plza N,,StoredValue FF,,$0.00,$5.60
9,02/10/16 06:25:31 PM,Sale,Metrorail,Va Sq-GMU,,StoredValue FF,,$0.00,$5.60
10,02/11/16 07:44:34 AM,Entry,Metrorail,Tenleytown-AU,,StoredValue FF,,$0.00,$5.60
11,02/11/16 08:05:59 AM,Exit,Metrorail,Tenleytown-AU,L'Enfant Plza N,StoredValue FF,,($3.05),$2.55
12,02/11/16 04:37:26 PM,Entry,Metrorail,L'Enfant Plza N,,StoredValue FF,,$0.00,$2.55
13,02/11/16 05:02:48 PM,Exit,Metrorail,L'Enfant Plza N,Tenleytown-AU,StoredValue FF,,($3.05),($0.50)
14,02/11/16 05:03:30 PM,Sale,Metrorail,Tenleytown-AU,,StoredValue FF,,$25.00,$24.50
0,02/16/16 08:28:30 AM,Exit,Metrorail,,L'Enfant Plza N,StoredValue FF,,($3.05),$21.45
15,02/16/16 08:06:28 AM,Entry,Metrorail,Tenleytown-AU,,StoredValue FF,,$0.00,$24.50
1,02/16/16 03:58:24 PM,Entry,Metrorail,L'Enfant Plza N,,StoredValue FF,,$0.00,$21.45
2,02/16/16 04:22:11 PM,Exit,Metrorail,L'Enfant Plza N,Va Sq-GMU,StoredValue FF,,($2.85),$18.60
3,02/17/16 08:24:45 AM,Entry,Metrorail,Tenleytown-AU,,StoredValue FF,,$0.00,$18.60
4,02/17/16 08:46:46 AM,Exit,Metrorail,Tenleytown-AU,L'Enfant Plza N,StoredValue FF,,($3.05),$15.55
5,02/18/16 08:57:09 AM,Entry,Metrorail,Tenleytown-AU,,StoredValue FF,,$0.00,$15.55
6,02/18/16 09:22:08 AM,Exit,Metrorail,Tenleytown-AU,L'Enfant Plza N,StoredValue FF,,($3.05),$12.50
7,02/18/16 06:33:13 PM,Entry,Metrorail,L'Enfant Plza N,,StoredValue FF,,$0.00,$12.50
8,02/18/16 06:59:55 PM,Exit,Metrorail,L'Enfant Plza N,Tenleytown-AU,StoredValue FF,,($3.05),$9.45
9,02/19/16 07:39:46 AM,Entry,Metrorail,Tenleytown-AU,,StoredValue FF,,$0.00,$9.45
10,02/19/16 08:01:20 AM,Exit,Metrorail,Tenleytown-AU,L'Enfant Plza N,StoredValue FF,,($3.05),$6.40
11,02/19/16 03:48:55 PM,Entry,Metrorail,L'Enfant Plza N,,StoredValue FF,,$0.00,$6.40
12,02/19/16 04:10:56 PM,Exit,Metrorail,L'Enfant Plza N,Tenleytown-AU,StoredValue FF,,($3.05),$3.35
12,02/22/16 07:37:28 AM,Sale,Metrorail,Tenleytown-AU,,StoredValue FF,,$0.00,$3.35
13,02/22/16 07:37:47 AM,Entry,Metrorail,Tenleytown-AU,,StoredValue FF,,$0.00,$3.35
14,02/22/16 08:01:31 AM,Exit,Metrorail,Tenleytown-AU,L'Enfant Plza N,StoredValue FF,,($3.05),$0.30
0,02/22/16 05:23:34 PM,Entry,Metrorail,L'Enfant Plza N,,StoredValue FF,,$0.00,$25.30
1,02/22/16 05:48:15 PM,Exit,Metrorail,L'Enfant Plza N,Tenleytown-AU,StoredValue FF,,($3.05),$22.25
15,02/22/16 05:23:12 PM,Sale,Metrorail,L'Enfant Plza N,,StoredValue FF,,$25.00,$25.30
2,02/23/16 07:44:45 AM,Entry,Metrorail,Tenleytown-AU,,StoredValue FF,,$0.00,$22.25
3,02/23/16 08:10:45 AM,Exit,Metrorail,Tenleytown-AU,L'Enfant Plza N,StoredValue FF,,($3.05),$19.20
4,02/23/16 04:09:39 PM,Entry,Metrorail,L'Enfant Plza N,,StoredValue FF,,$0.00,$19.20
5,02/23/16 04:32:26 PM,Exit,Metrorail,L'Enfant Plza N,Va Sq-GMU,StoredValue FF,,($2.85),$16.35
6,02/24/16 08:40:18 AM,Entry,Metrorail,Tenleytown-AU,,StoredValue FF,,$0.00,$16.35
7,02/24/16 09:06:43 AM,Exit,Metrorail,Tenleytown-AU,L'Enfant Plza N,StoredValue FF,,($3.05),$13.30
8,02/24/16 06:22:51 PM,Entry,Metrorail,L'Enfant Plza N,,StoredValue FF,,$0.00,$13.30
9,02/24/16 06:50:10 PM,Exit,Metrorail,L'Enfant Plza N,Va Sq-GMU,StoredValue FF,,($2.85),$10.45
10,02/25/16 08:27:26 AM,Entry,Metrorail,Tenleytown-AU,,StoredValue FF,,$0.00,$10.45
11,02/25/16 08:50:56 AM,Exit,Metrorail,Tenleytown-AU,L'Enfant Plza N,StoredValue FF,,($3.05),$7.40
12,02/25/16 06:00:24 PM,Entry,Metrorail,L'Enfant Plza N,,StoredValue FF,,$0.00,$7.40
13,02/25/16 06:25:43 PM,Exit,Metrorail,L'Enfant Plza N,Tenleytown-AU,StoredValue FF,,($3.05),$4.35
0,02/26/16 07:52:24 AM,Exit,Metrorail,,L'Enfant Plza N,StoredValue FF,,($3.05),$26.30
14,02/26/16 07:31:09 AM,Sale,Metrorail,Tenleytown-AU,,StoredValue FF,,$25.00,$29.35
15,02/26/16 07:33:12 AM,Entry,Metrorail,Tenleytown-AU,,StoredValue FF,,$0.00,$29.35
1,02/26/16 04:28:54 PM,Entry,Metrorail,L'Enfant Plza N,,StoredValue FF,,$0.00,$26.30
2,02/26/16 04:34:58 PM,Exit,Metrorail,L'Enfant Plza N,Gal Pl-Chntwn N,StoredValue FF,,($2.15),$24.15
3,02/26/16 05:44:26 PM,Entry,Metrorail,Gal Pl-Chntwn N,,StoredValue FF,,$0.00,$24.15
4,02/26/16 06:01:34 PM,Exit,Metrorail,Gal Pl-Chntwn N,Tenleytown-AU,StoredValue FF,,($2.80),$21.35
5,02/29/16 04:27:29 PM,Entry,Metrorail,L'Enfant Plza N,,StoredValue FF,,$0.00,$21.35
6,02/29/16 04:50:56 PM,Exit,Metrorail,L'Enfant Plza N,Tenleytown-AU,StoredValue FF,,($3.05),$18.30